68
85
6
91
9
84
64
49
86
61
50
75
28
14
10
62
16
94
99
60
19
15
94
57
10
52
69
54
54
72
60
43
27
67
10
82
16
93
92
64
87
32
21
46
22
73
93
29
96
48
11
65
8
46
3
39
72
96
37
90
61
92
69
38
67
83
39
55
87
40
47
7
96
33
74
99
8
10
99
43
20
60
49
10
17
79
56
56
21
99
88
99
25
7
29
6
67
20
100
76
12
47
93
73
56
90
15
40
16
20
59
44
16
29
100
33
42
17
75
34
67
71
63
8
84
9
35
42
46
23
77
93
86
50
36
30
30
65
49
61
57
71
40
25
98
33
25
80
42
15
78
86
61
11
3
30
95
3
13
99
72
8
72
55
62
11
36
51
16
53
82
71
52
20
49
69
41
64
69
87
45
49
99
68
30
75
100
47
90
7
91
77
75
59
29
51
13
87
28
82
82
74
20
48
93
97
99
25
65
82
45
52
99
40
77
86
34
66
71
58
89
33
22
37
73
18
87
1
7
21
6
46
2
82
15
34
83
84
39
16
20
15
44
52
85
43
81
85
88
7
44
42
24
9
50
71
91
83
78
2
12
78
5
85
27
63
22
43
22
13
91
76
85
72
29
96
51
49
94
20
32
2
5
30
60
3
95
74
94
36
46
61
35
62
33
89
53
60
36
82
10
89
66
58
7
11
76
44
3
91
34
99
61
82
13
65
23
83
71
86
69
14
41
4
33
98
84
70
100
3
62
86
28
42
41
4
70
55
41
74
79
8
2
62
29
78
93
75
8
64
46
52
20
41
47
99
70
11
55
87
87
74
92
52
41
62
50
3
27
95
3
76
72
66
25
80
88
37
88
10
47
35
98
7
35
94
14
71
40
6
93
37
85
18
78
22
68
84
70
100
49
14
23
21
34
22
98
15
99
47
25
84
66
22
24
41
51
50
31
88
40
36
95
39
35
62
53
76
12
26
89
70
54
23
68
99
96
81
72
68
11
63
43
76
75
11
22
6
45
21
93
66
27
17
2
44
82
11
73
38
100
5
5
33
99
62
79
60
56
27
71
16
56
45
32
98
98
53
14
34
45
74
69
16
7
34
4
76
66
24
54
66
34
10
37
39
76
11
48
25